2.3027112
2.3048174
2.3188424
2.3547306
2.360587
2.3614683
2.36157
2.361323
2.3603764
2.327193
2.3291602
2.3175454
2.3551679
2.3566935
2.360268
2.3618863
2.3602502
2.3568478
2.3470483
2.3137333
2.308503
2.3154283
2.3161373
2.3130376
2.3158386
2.339104
2.316608
2.3318243
2.3467383
2.2810993
2.2926836
2.3493176
2.309509
2.307074
2.3060281
2.305831
2.3065815
2.330758
2.3151329
2.3234148
2.3230534
2.314008
2.3172894
2.3150425
2.3094091
2.3175583
2.3251333
2.3268526
2.327279
2.3195648
2.2970304
2.27741
2.2945142
2.2494006
2.2955704
2.2956123
2.293832
2.3259907
2.3505044
2.3575065
2.2917776
2.3149683
2.3280168
2.298193
2.2687888
2.2675896
2.2714062
2.299148
2.3146856
2.3546257
2.3362956
2.3077693
2.3122692
2.3463383
2.3463318
2.3115919
2.3021755
2.3079414
2.331429
2.354278
2.3669322
2.3650048
2.3617249
2.3549533
2.3396494
2.3334706
2.3389878
2.3051188
2.3112967
2.3088672
2.3028023
2.301168
2.298732
2.292589
2.273245
2.2688065
2.2875938
2.3297825
2.3379664
2.3031266
2.2864563
2.2811599
2.2891538
2.305488
2.289246
2.2803037
2.2776277
2.2777853
2.2755592
2.2620814
2.245943
2.264677
2.2876985
2.288288
2.2504473
2.2355
2.2259717
2.2535462
2.25543
2.2637029
2.2765732
2.2793007
2.2690656
2.2528977
2.2501101
2.231251
2.2289622
2.2295475
2.225899
2.224067
2.2220006
2.2197433
2.2298722
2.2521288
2.2625136
2.240562
2.299982
2.3455567
2.320591
2.2777321
2.2401476
2.2224722
2.234601
2.243043
2.2385454
2.2228098
2.2153423
2.2242537
2.225435
2.2178185
2.23277
2.2449403
2.217591
2.2232192
2.2229118
2.2172487
2.21497
2.2121222
2.2197986
2.2196267
2.2095275
2.2248032
2.219839
2.2534633
2.2697742
2.2717433
2.2374752
2.216652
2.2059493
2.2045023
2.211629
2.2076032
2.2343323
2.2633967
2.2632983
2.3182943
2.274321
2.2561321
2.2533293
2.26227
2.2342029
2.2360144
2.2398658
2.2335873
2.2290084
2.2280097
2.2397792
2.1966672
2.2060404
2.2095363
2.2150779
2.2142496
2.2111654
2.2292337
2.2428126
2.23022
2.2357416
2.2535534
2.271171
2.254376
2.2578788
2.2349777
2.2373233
2.2509353
2.3235674
2.2887516
2.2530334
2.2454803
2.2424498
2.2357168
2.2344725
2.2451258
2.2292295
2.2502432
2.245429
2.2477612
2.2280736
2.2629757
2.2840724
2.2783346
2.273453
2.254512
2.2444515
2.2348292
2.2206745
2.229052
2.2331126
2.2427423
2.2272732
2.2234097
2.2282507
2.237082
2.226815
2.2259808
2.2580204
2.2592475
2.2437
2.2227628
2.2280557
2.2207327
2.2229555
2.2499065
2.3175488
2.2974472
2.2471433
2.2682457
2.2856617
2.252569
2.2370267
2.2157276
2.223893
2.2268558
2.2515862
2.2504792
2.2448857
2.2687569
2.271191
2.2647555
2.255817
2.2968779
2.3022466
2.2952743
2.306501
2.2456133
2.2388072
2.2199197
2.258907
2.2548556
2.2289796
2.2380004
2.2559319
2.2639585
2.3067482
2.3460028
2.3482742
2.3423364
2.3387847
2.288867
2.2170506
2.217076
2.283024
2.2143695
2.2037644
2.2289834
2.2299235
2.2230275
2.2123163
2.2178135
2.2146773
2.2122104
2.2010987
2.2131202
2.2086892
2.2248363
2.2396753
